123456 1992 0 50000
123456 1983 0 60000
123456 1992 0 70000
123456 1980 0 20000
123456 1997 0 50000
123456 1974 0 20000
123456 1992 1 2
123456 1980 1 3
123456 1961 1 0
123456 1974 1 1
123456 1975 0 30000
123456 1960 0 20000
123456 1969 0 100000
123456 1997 0 70000
123456 1987 0 30000
123456 1972 0 60000
123456 1971 0 20000
123456 1988 0 50000
123456 1992 0 70000
123456 1992 1 1
123456 1993 1 0
123456 1975 1 1
123456 2020 1 99999999
123456 1962 1 2
123456 1997 1 1
123456 1997 1 1
123456 1987 1 0
123456 1972 1 0
123456 1951 1 2
123456 1988 1 1
123456 1992 1 0
